Date,wf,mf,sf,IHT,IH,wfy,sqhdd1,dhdd1,dhdd13,hdd1t,Troloff,mx2,mn4,dcy,c7,cy,c
12/25/2022,1,0.941488331,1,0,0,0.942252607,3.340658618,-1.13,-1.442897,11.75,4.34,5.06944,0.005922409,0,4263.728836,4630.040548,4667
12/26/2022,0.965849858,0.941488331,1,0,0,1,3.4278273,0.59,0.205379,12.69,3.75,2.58064,0.034297421,0,4007.878091,nan,nan
12/27/2022,0.970642056,0.941488331,1,0,0,0.965849858,3.562302626,0.94,0.830584,11.44,2.81,1.84041,0.003035958,0,4299.062506,nan,nan
12/28/2022,0.950674824,0.941488331,1,0,0,0.970642056,3.382306905,-1.25,-1.953125,13.46,4.06,2.38144,0.110199606,0,4547.593968,nan,nan
12/29/2022,0.961823283,0.941488331,1,0,0,0.950674824,3.668787266,2.02,8.242408,13.26,2.04,1.48225,2.80E-06,0,4640.429551,nan,nan
12/30/2022,0.945372575,0.941488331,1,1,0,0.961823283,3.641428291,-0.2,-0.008,13.15,2.24,1.54449,9.15E-05,0,4600.661441,nan,nan
12/31/2022,0.942252607,0.941488331,1,1,13.49856377,0.945372575,3.626292873,-0.11,-0.001331,11.2,2.35,1.25316,0.001873887,0,4630.040548,nan,nan
1/1/2023,1,1,1,1,8.833529191,0.942252607,3.346640106,-1.95,-7.414875,13.48,4.3,3.721,0.0390625,0,nan,nan,nan
1/2/2023,0.965849858,1,1,0,9.98721811,1,3.67151195,2.28,11.852352,15.8,2.02,0.99225,0.0006561,0,nan,nan,nan
